00000000011100000110000100010011
00000000111100000110000110010011
00000001010000000110001000010011
00000000001000000110001010010011
00000000001100000000001000100011
00000000010000000000000010000011
00000000010100100101001000110011
00000000010000001000000100110011
00000000000100000000000010110011
00000000001000001000001100110011
00000000001000110000001100110011
01000000001000110000000010110011
01000000001000001000000010110011
00000000001000001000100001100011
00001111111100000110000010010011
00000000000100000000000000100011
00000000000000000000100001100011
00000000001000001111000010110011
00000000000000001110000010110011
00000000000100000000010000100011
00000000000000000110000000010011
00000000000000000110000000010011