00000000000100000000000100110011
00000000001000010001000010110011
00000000000100010110000100110011
00000001000000001111000100010011
11110000110100010000000110010011
01000000000100010000000010110011
00000000001000010111000010110011
00000000001000010100000100110011
11111111101100010110000010010011
00000000001000001101000110110011
00000000000000000000000000000000
00000000000000000000000000000000
00000000000000000000000000000000
00000000000000000000000000000000
00000000000000000000000000000000
00000000000000000000000000000000
00000000000000000000000000000000
00000000000000000000000000000000
00000000000000000000000000000000
00000000000000000000000000000000
00000000000000000000000000000000
00000000000000000000000000000000
00000000000000000000000000000000
00000000000000000000000000000000
00000000000000000000000000000000
00000000000000000000000000000000
00000000000000000000000000000000
00000000000000000000000000000000
00000000000000000000000000000000
00000000000000000000000000000000
00000000000000000000000000000000
00000000000000000000000000000000

